a=1
b=1
c=1
model =
  name: 'ac5-SOLG'
  level: 6
  model: 5
  size: 2
  designer: 'Happy Whale'
  specs:
    shield:
      capacity: [600,600]
      reload: [15,15]
    generator:
      capacity: [2000,2000]
      reload: [200,300]
    ship:
      mass: 800
      speed: [5,15]
      rotation: [5,10]
      acceleration: [150,150]
  tori: circle:
    segments: 8
    radius: 50
    section_segments: 8
    offset:
      x: 0
      y: 140
      z: 0
    position:
      x: [0]
      y: [0,0,0,0,0,0,0,0,0,0,0,0,0,0,0,0,0,0,0,0,0]
      z: [0,0,0,0,0,0,0,0,0,0,0,0,0,0,0,0,0,0,0,0,0]
    width: [30]
    height: [30]
    texture: [4]
  bodies:
    main:
      section_segments: [35,55,125,145,215,235,305,325]
      offset:
        x: 0
        y: -300
        z: 0
      position:
        x: [0,0,0,0,0,0,0,0,0,0,0,0,0,0,0,0,0,0,0,0,0,0,0,0,0]
        y: [500,500,-300,-300,-250,-250,-150,-150,-100,-50,0,100,200,220,334,339,500,505]
        z: [0,0,0,0,0,0,0,0,0,0,0,0,0,0,0,0,0,0,0,0,0,0]
      width: [0,30,30,47,47,40,40,40,40,40,40,40,40,30,30,40,40,0]
      height: [0,30,30,50,50,40,40,40,40,40,40,40,40,30,30,40,40,0]
      texture: [63, 63, 63, 63, 18]
    arm1:
      section_segments: [35,55,125,145,215,235,305,325]
      vertical:true
      offset:
        x: 150
        y: 150
        z: -90
      position:
        x: [0,0,0,0,0,0,0,0,0,0,0,0,0,0]
        y: [-170,-170,-150,-100,-50,0,50,100,150,170,170]
        z: [0,0,0,0,0,0,0,0,0,0,0,0,0]
      width: [0,20,25,25,25,25,25,25,25,25,0]
      height: [0,20,25,25,25,25,25,25,25,25,0]
      angle:45
      texture: [63]
    arm2:
      section_segments: [35,55,125,145,215,235,305,325]
      offset:
        x: -150
        y: -150
        z: -90
      vertical:true
      position:
        x: [0,0,0,0,0,0,0,0,0,0,0,0,0,0]
        y: [-170,-170,-150,-100,-50,0,50,100,150,170,170]
        z: [0,0,0,0,0,0,0,0,0,0,0,0,0,0]
      width: [0,20,25,25,25,25,25,25,25,25,0]
      height: [0,20,25,25,25,25,25,25,25,25,0]
      angle: 225
      texture: [63]
    laser1:
      section_segments: 4
      offset:
        x: 256
        y: 95
        z: 260
      position:
        x: [0,0,0,0,0,0,0]
        y: [-25,-30,-20,0,20,30,20]
        z: [0,0,0,0,0,0,0]
      width: [0,23,23,0]
      height: [0,23,23,0]
      texture: [4,4,17,17,4,4]
      angle: 0
      laser:
        damage: [10,10]
        rate: 10
        type: 1
        speed: [500,500]
        number: 1
        error: 0
        recoil: 0
    laser2:
      section_segments: 4
      offset:
        x: 256
        y: 95
        z: -260
      position:
        x: [0,0,0,0,0,0,0]
        y: [-25,-30,-20,0,20,30,20]
        z: [0,0,0,0,0,0,0]
      width: [0,23,23,0]
      height: [0,23,23,0]
      texture: [4,4,17,17,4,4]
      angle: 0
      laser:
        damage: [10,10]
        rate: 10
        type: 1
        speed: [500,500]
        number: 1
        error: 0
        recoil: 0
    cannon:
      section_segments: [35,55,125,145,215,235,305,325]
      offset:
        x: 0
        y: -500
        z: 0
      position:
        x: [0,0,0,0]
        y: [-25,-21,-20,-25]
        z: [0,0,0,0]
      width: [40,20,20,40]
      height: [40,20,20,40]
      texture: [63]
      laser:
        damage: [35,35]
        rate: 10
        type: 1
        speed: [500,500]
        number: 1
        error: 0
        recoil: 0
    wing:
      section_segments: 4
      offset:
        x: 170
        y: 0
        z: 0
      vertical:true
      position:
        x: [0,0,0,0,0,0,0,0,0,0,0,0,0,0,0,0,0,0,0,0,0,0,0,0,0,0,0,0,0]
        y: [-140,-120,-100,-80,-60,-40,-20,0]
        z: [0,0,0,0,0,0,0,0,0,0,0,0,0,0,0,0,0,0,0,0,0,0,0,0,0,0,0,0,0]
      width: [1,1,1,1,1,1,1,1,1,1,1,1,1,1,1,1,1,1,1,1,1,1,1,1,1,1,1,1,1]
      height: [10,10,10,10,10,10,10,10,10,10,10,10,10,10,10,10,10,10,10,10]
      texture: [14]
      angle: 90
    wing2:
      section_segments: 4
      offset:
        x: 170
        y: 0
        z: 25
      vertical:true
      position:
        x: [0,0,0,0,0,0,0,0,0,0,0,0,0,0,0,0,0,0,0,0,0,0,0,0,0,0,0,0,0]
        y: [-140,-120,-100,-80,-60,-40,-20,0]
        z: [0,0,0,0,0,0,0,0,0,0,0,0,0,0,0,0,0,0,0,0,0,0,0,0,0,0,0,0,0]
      width: [1,1,1,1,1,1,1,1,1,1,1,1,1,1,1,1,1,1,1,1,1,1,1,1,1,1,1,1,1]
      height: [10,10,10,10,10,10,10,10,10,10,10,10,10,10,10,10,10,10,10,10]
      texture: [14]
      angle: 90
     wing3:
      section_segments: 4
      offset:
        x: 170
        y: 0
        z: -25
      vertical:true
      position:
        x: [0,0,0,0,0,0,0,0,0,0,0,0,0,0,0,0,0,0,0,0,0,0,0,0,0,0,0,0,0]
        y: [-140,-120,-100,-80,-60,-40,-20,0]
        z: [0,0,0,0,0,0,0,0,0,0,0,0,0,0,0,0,0,0,0,0,0,0,0,0,0,0,0,0,0]
      width: [1,1,1,1,1,1,1,1,1,1,1,1,1,1,1,1,1,1,1,1,1,1,1,1,1,1,1,1,1]
      height: [10,10,10,10,10,10,10,10,10,10,10,10,10,10,10,10,10,10,10,10]
      texture: [14]
      angle: 90
    wing4:
      section_segments: 4
      offset:
        x: -18
        y: 20
        z: -25
      vertical:true
      position:
        x: [0,0,0,0,0,0,0,0,0,0,0,0,0,0,0,0,0,0,0,0,0,0,0,0,0,0,0,0,0]
        y: [-140,-120,-100,-80,-60,-40,-20,0]
        z: [0,0,0,0,0,0,0,0,0,0,0,0,0,0,0,0,0,0,0,0,0,0,0,0,0,0,0,0,0]
      width: [1,1,1,1,1,1,1,1,1,1,1,1,1,1,1,1,1,1,1,1,1,1,1,1,1,1,1,1,1]
      height: [10,10,10,10,10,10,10,10,10,10,10,10,10,10,10,10,10,10,10,10]
      texture: [14]
      angle: 150
    wing6:
      section_segments: 4
      offset:
        x: -18
        y: 20
        z: 0
      vertical:true
      position:
        x: [0,0,0,0,0,0,0,0,0,0,0,0,0,0,0,0,0,0,0,0,0,0,0,0,0,0,0,0,0]
        y: [-140,-120,-100,-80,-60,-40,-20,0]
        z: [0,0,0,0,0,0,0,0,0,0,0,0,0,0,0,0,0,0,0,0,0,0,0,0,0,0,0,0,0]
      width: [1,1,1,1,1,1,1,1,1,1,1,1,1,1,1,1,1,1,1,1,1,1,1,1,1,1,1,1,1]
      height: [10,10,10,10,10,10,10,10,10,10,10,10,10,10,10,10,10,10,10,10]
      texture: [14]
      angle: 150
    wing7:
      section_segments: 4
      offset:
        x: -18
        y: 20
        z: 25
      vertical:true
      position:
        x: [0,0,0,0,0,0,0,0,0,0,0,0,0,0,0,0,0,0,0,0,0,0,0,0,0,0,0,0,0]
        y: [-140,-120,-100,-80,-60,-40,-20,0]
        z: [0,0,0,0,0,0,0,0,0,0,0,0,0,0,0,0,0,0,0,0,0,0,0,0,0,0,0,0,0]
      width: [1,1,1,1,1,1,1,1,1,1,1,1,1,1,1,1,1,1,1,1,1,1,1,1,1,1,1,1,1]
      height: [10,10,10,10,10,10,10,10,10,10,10,10,10,10,10,10,10,10,10,10]
      texture: [14]
      angle: 150
    wing8:
      section_segments: 4
      offset:
        x: -20
        y: -34
        z: 25
      vertical:true
      position:
        x: [0,0,0,0,0,0,0,0,0,0,0,0,0,0,0,0,0,0,0,0,0,0,0,0,0,0,0,0,0]
        y: [-140,-120,-100,-80,-60,-40,-20,0]
        z: [0,0,0,0,0,0,0,0,0,0,0,0,0,0,0,0,0,0,0,0,0,0,0,0,0,0,0,0,0]
      width: [1,1,1,1,1,1,1,1,1,1,1,1,1,1,1,1,1,1,1,1,1,1,1,1,1,1,1,1,1]
      height: [10,10,10,10,10,10,10,10,10,10,10,10,10,10,10,10,10,10,10,10]
      texture: [14]
      angle: 30
    wing9:
      section_segments: 4
      offset:
        x: -20
        y: -34
        z: 0
      vertical:true
      position:
        x: [0,0,0,0,0,0,0,0,0,0,0,0,0,0,0,0,0,0,0,0,0,0,0,0,0,0,0,0,0]
        y: [-140,-120,-100,-80,-60,-40,-20,0]
        z: [0,0,0,0,0,0,0,0,0,0,0,0,0,0,0,0,0,0,0,0,0,0,0,0,0,0,0,0,0]
      width: [1,1,1,1,1,1,1,1,1,1,1,1,1,1,1,1,1,1,1,1,1,1,1,1,1,1,1,1,1]
      height: [10,10,10,10,10,10,10,10,10,10,10,10,10,10,10,10,10,10,10,10]
      texture: [14]
      angle: 30
    wing10:
      section_segments: 4
      offset:
        x: -20
        y: -34
        z: -25
      vertical:true
      position:
        x: [0,0,0,0,0,0,0,0,0,0,0,0,0,0,0,0,0,0,0,0,0,0,0,0,0,0,0,0,0]
        y: [-140,-120,-100,-80,-60,-40,-20,0]
        z: [0,0,0,0,0,0,0,0,0,0,0,0,0,0,0,0,0,0,0,0,0,0,0,0,0,0,0,0,0]
      width: [1,1,1,1,1,1,1,1,1,1,1,1,1,1,1,1,1,1,1,1,1,1,1,1,1,1,1,1,1]
      height: [10,10,10,10,10,10,10,10,10,10,10,10,10,10,10,10,10,10,10,10]
      texture: [14]
      angle: 30
    toppropulsors:
      section_segments: 10
      offset:
        x: 17
        y: 200
        z: 15
      position:
        x: [0,0,0,0,0,0,0,0,0,0]
        y: [-20,-15,0,10,20,25,30,40,50,40]
        z: [0,0,0,0,0,0,0,0,0,0]
      width: [0,10,15,15,15,10,10,15,10,0]
      height: [0,10,15,15,15,10,10,15,10,0]
      texture: [4,4,4,4,4,63,17]
      propeller: true
    bottompropulsors:
      section_segments: 10
      offset:
        x: 17
        y: 200
        z: -15
      position:
        x: [0,0,0,0,0,0,0,0,0,0]
        y: [-20,-15,0,10,20,25,30,40,50,40]
        z: [0,0,0,0,0,0,0,0,0,0]
      width: [0,10,15,15,15,10,10,15,10,0]
      height: [0,10,15,15,15,10,10,15,10,0]
      texture: [4,4,4,4,4,63,17]
      propeller: true
for a in [0...2]
    model.bodies['5'+a] =   
      section_segments: 10
      offset:
        x: 22
        y: -450
        z: 33-a*66
      position:
        x: [0,0,0,0,0,0,0,0,0,0]
        y: [-140,-140,350,350]
        z: [0,0,0,0,0,0,0,0,0,0]
      width: [0,4,4,0]
      height: [0,4,4,0]
      texture: [3,4,10,3,3,63,4]
      propeller: false
      texture: [4]
for a in [0...2]
    model.bodies['4'+a] =   
      section_segments: 10
      offset:
        x: 33
        y: -450
        z: 22-a*44
      position:
        x: [0,0,0,0,0,0,0,0,0,0]
        y: [-140,-140,350,350]
        z: [0,0,0,0,0,0,0,0,0,0]
      width: [0,4,4,0]
      height: [0,4,4,0]
      texture: [3,4,10,3,3,63,4]
      propeller: false
      texture: [4]
for b in [0...2]
  for a in [0...10]
    model.bodies['3'+a+'3'+b] =   
      section_segments: 10
      vertical: false
      offset:
        x: 0
        y: -500+a*40
        z: 36.5-73*b
      position:
        x: [-20,-20,20,20,0,-20,-20,20,20,0]
        y: [-20,-20,20,20,0,20,20,-20,-20]
        z: [0,0,0,0,0,0,0,0,0,0]
      width: [4,4,4,4,4,4,4,4,4]
      height: [4,4,4,4,4,4,4,4,4]
      texture: [3,4,10,3,3,63,4]
      angle:0
      propeller: false
      texture: [15]
for b in [0...2]
  for a in [0...10]
    model.bodies['2'+a+'2'+b] =   
      section_segments: 10
      vertical: false
      offset:
        x: 36.5-73*b
        y: -500+a*40
        z: 0
      position:
        x: [0,0,0,0,0,0,0,0,0,0]
        y: [-20,-20,20,20,0,20,20,-20,-20]
        z: [-20,-20,20,20,0,-20,-20,20,20,0]
      width: [4,4,4,4,4,4,4,4,4]
      height: [4,4,4,4,4,4,4,4,4]
      texture: [3,4,10,3,3,63,4]
      angle:0
      propeller: false
      texture: [15]
for a in [0...10] 
  model.bodies['1'+a] = 
    section_segments: [35,55,125,145,215,235,305,325]
    offset:
      x: 0
      y: -326+a*40
      z: 0
    vertical:false
    position:
      x: [0,0,0,0,0,0,0,0,0,0,0,0,0,0]
      y: [-156,-153,-150,-147,-156]
      z: [0,0,0,0,0,0,0,0,0,0,0,0,0,0]
    width: [40,45,45,40]
    height: [40,45,45,40]
    angle: 0
    texture: [4]
return model;